最优解：
x1=

ans =

   1.000000000000016

x2=

ans =

   1.000000000000379

最优值：

ans =

     2.408427842380484e-25
